kernels1 = np.array([[[1.0, -1.0],
                   [1.0, -1.0]],
                   [[1.0, -1.0],
                   [1.0, -1.0]],
                   [[1.0, -1.0],
                   [1.0, -1.0]]])

kernels2 = np.array([[[1.0, 0.0, -1.0],
                   [1.0, 0.0, -1.0]],
                   [[1.0, 0.0, -1.0],
                   [1.0, 0.0, -1.0]],
                   [[1.0, 0.0, -1.0],
                   [1.0, 0.0, -1.0]],
                     [[1.0, 0.0, -1.0],
                      [1.0, 0.0, -1.0]]
                     ])